1 30 1
0.4315030056062148 -3.066177896064805
-0.33905786874574584 -2.707067671003565
-0.9464563238728619 -3.4423440998392567
1.0076802640243192 -3.428564428339364
1.0458708654366389 -0.9214725855521172
-0.8845222502119165 -3.4038061599340526
0.8224791190325553 -4.012219427619356
-1.9143925522315328 -2.4410032509305175
-0.7528842503657228 -3.166230386492891
-2.1224895032961837 -2.243768655256882
0.4361468959302053 -2.0114432429728715
-1.5252237644515516 -3.022239791326684
2.504406845377437 0.09588641294785938
0.9902969085017103 -2.8374601971314815
-2.2403083727286526 -3.3044699997754705
-0.4145882684178259 -5.39760248019139
1.2292164424779257 -2.445645688138544
0.7403351131072754 -4.1997807111240535
-0.3858546318492059 -5.384243502425718
-0.8224801579310089 -3.8179464388087783
-0.6403565967200594 -3.3679496475183233
-0.1799029538713611 -0.8026439144067381
-0.6248963739508575 -4.202029431100807
-4.5265838160948375 0.2818821141643136
-3.2075700173016393 -0.34942654633097037
-0.5093988738053826 -5.386166163240574
0.757935645277808 -1.976295427403804
1.0105780194288845 -1.4271338071465562
-1.733921307967083 -3.858362412330855
0.8230645492312525 -3.7720020675959574
4.336862725074192 4.357880881131154 0.5520144257195907 3.0592298047666957 0.9398931636083936 1.8741450914457254 2.7120648446697833 0.6160019464724777 2.7674216385231203 0.47419095443322534 -0.8144648161021533 0.5417792977228997 0.5475988629829792 1.0575174227730197 0.19559887271331708 -5.317335943090201 0.7943902910704149 3.3944510161556316 -5.39081865511373 1.006887633753283 4.9712763235521775 -3.481469989972616 4.163582381194516 0.13629618343096866 0.27261494707907996 -5.309923821436804 -1.9919827239540016 1.640092810360602 0.12107940490542884 2.4017423708409353 -0.46333301599622323
