1 15 10 5 1
-0.3598825210169416 -2.589179023111203
-0.3728954952136848 -0.2172823426552359
-1.1819393551670707 1.4664544147267924
-0.42461839095099807 -0.9390514459114433
-0.5294272748554749 -0.6738433673270944
0.8069506144594162 -1.2571882090029733
0.6066548995113693 -1.4752005423182344
0.6141004328727594 -2.10352424587805
2.939851376526239 0.5234324514915263
-0.7508250362841645 0.4406157867353514
-0.6108816984854453 -0.9204160976777914
-0.595040366945713 1.162668925721544
-0.8191569183413453 -0.6348092353980279
0.29661904328007516 -1.801760022740009
-0.5707613726688973 -0.7836552256313735
2.0436181194705414 2.459718660000319 0.7377055379678618 1.0968877816348979 1.297369019181076 1.9685711121906033 2.869075109459666 1.759899038169931 0.49339366500673754 -0.10953250464801767 1.1143457543025141 -0.33557213681797227 0.27994932462050315 2.9368672870229187 1.233742895007544 0.7436285928067937
-4.71265509579674 -4.852461698620981 -4.712141134024018 -4.898182384714029 -4.810603550026678 -4.705083404302045 -4.7488000883497286 -4.796012619445604 -4.8445122156115055 -4.811118005074641 -4.831499290160949 -4.894647121888056 -4.708877065697632 -4.825576656947945 -4.854624667358996 -4.825267128396246
2.4987880314230595 -0.08987867717142817 -0.10496588824068498 1.4193023123698325 1.3988327084878982 0.5337591196026432 1.821155127816772 0.4824313111560331 0.2967301448494909 -0.49051099830476763 1.215069146103487 -0.3201296847720049 0.23187233321403197 3.15553370532544 1.553212013886879 -0.6611326448755361
2.460015208621025 0.1748185426283416 -0.47596513783798267 1.8736434974141365 1.4080683331953208 0.39094664314745897 1.7765404506508187 1.0358564348861696 -0.008215163441284895 -0.7113845684521456 1.4105445986768053 -1.2445233919512582 1.2038679210867693 3.0700128070217882 1.1384916020285087 -2.885771752649312
2.8775082617903003 1.947333614662717 0.26803747113991305 0.8729434850316589 1.240185127276549 -0.2634194966043852 2.439997295952351 1.2135227579384085 -0.14939435878356677 -0.2421475116467844 1.145633428524976 -0.2500635265444182 0.14376536710509652 2.556883482619049 1.037448184062227 -2.54939288645783
-4.7834324330152125 -4.873567935913208 -4.793790323321271 -4.770559960196031 -4.718448975453703 -4.803394725981455 -4.771280913553252 -4.723477391044558 -4.823631203560569 -4.81949657339281 -4.790367212536966 -4.831467044222461 -4.768725222058422 -4.760932584951287 -4.757404657645599 -4.799727727027347
2.0608776520782373 1.1489204192431945 -0.1938509726742028 1.169322777488821 0.9159870439498351 0.29770077489885505 1.9289025191679618 0.6715929487013502 -0.019896687065647706 0.1861686081211643 1.0012531741382438 -0.48409999312851015 0.3568817922890619 2.395929689398166 1.3517833944985373 -1.7694928185421486
-4.812271010381508 -4.606793009986683 -4.822551921365492 -4.815926371776425 -4.732060776443788 0.5901764024306094 1.4627873981664916 0.49518822858212674 0.34930622279374923 -4.844811564646936 -4.88995608168753 -4.766507120351664 -4.308972979453572 2.345264298462302 -4.721250518312892 -1.6933792808544057
3.0396058402516144 0.10743298493148684 -0.6755495062851035 1.9602533945956264 1.4330559294086795 -0.028830471959819165 1.6902195522727954 1.5873451741028066 -0.29104572795202693 -0.3291130435161916 1.221842805340855 -0.768798668797142 0.5703407158036476 3.042900877475398 1.1588617039273188 -3.602202791074584
-4.833073851386023 -4.779690768993327 -4.85968542007711 -4.815711965676348 -4.85043128271376 -4.830188608358996 -4.750558562837844 -4.838341849218344 -4.892943609283712 -4.75489004500245 -4.767227556088152 -4.710376865360132 -4.725493971876984 -4.888099318863663 -4.737757617810752 -4.78118910695053
0.40096418227630015 -4.829088066148278 0.5639901384124109 1.0142601601153098 0.33962722248628385 -4.849451294275972 0.6697984659027463 0.3724075941238367 1.9910328701877291 -4.8957643840364 0.269774870310644
-4.872591495574941 -4.726932289205772 -4.848400270808485 -4.714753506673119 -4.768631271198114 -4.859577183026009 -4.822621684683053 -4.890854574580642 -4.833515607360592 -4.730327207202717 -4.865362799839433
0.5466769188505456 -4.825578918307753 0.38843981233919134 0.6376110158322807 0.563066392269864 -4.823532783485653 0.2906197775449475 0.5252991760003209 0.7919718640898067 -4.738195561741138 -0.907317942602112
0.40951887042045143 -4.70720792235773 0.3009828593807964 0.15703605136871843 0.3946365989820556 -4.87894089031737 0.3285525223854553 0.5338649598201857 0.6937433117452583 -4.890787585895431 -0.623198095275667
-4.856383908742664 -4.812199836290433 -4.7106281381162 -4.89367110372192 -4.884053566312537 -4.749776053285901 -4.890436607466633 -4.876344624107897 -4.755234379378232 -4.751038240967604 -4.869281135721812
0.4850151863035558 -4.874187438757298 0.44869983921766954 0.4354473743595677 -4.862334159541947 0.3155353319814886
