1 10 5 1
1.0254394935997946 -3.5905930545194322
0.7499167398304913 -4.11284919638794
4.3957906189760925 -1.1232367133981471
1.1780243620489033 -2.4120209648139026
0.8264340525151004 -3.703323279089779
-1.4102521384745013 -4.973715340839683
0.8478386091146414 -1.7572132825184132
-1.7864932881547877 -1.6771268686769747
-1.0382814009333674 -5.707616533353041
-1.7395216506694755 -0.6027395896567103
-7.5110798830920436 -7.4754132942668585 -7.584197565920738 -7.5699075648722145 -7.42818189229622 -7.440678286333574 -7.529071935357264 -7.451637012630629 -7.565119351423595 -7.5468670420249655 -7.5371473297369675
-7.473107243313153 -7.420033374547077 -7.491770680260433 -7.521248181984544 -7.42249058819149 -7.418803749671504 -7.497128500520574 -7.475171961057529 -7.419173962802979 -7.57933316296703 -7.51807131719099
4.769150774581523 3.8207124560093972 0.6614791920880883 0.6763275769587838 1.5205179371124171 2.953718895677846 1.0603291180963985 0.7997266415068417 3.190603381589892 0.7767531774114319 0.0499869626112088
-7.513213612189342 -7.420579182215357 -7.4252762220435455 -7.557354581484646 -7.444595620372224 -7.557101855718731 -7.569616823411961 -7.5132702812327405 -7.4772298836741875 -7.581985971158869 -7.599773506498058
1.200805678989716 4.035272718736322 -0.340373603059315 -0.11073654365076635 2.602595029910799 1.4473689840274997 0.2933794917406797 0.7369554045091791 1.547284492240328 0.6690521523379827 -5.87302958274884
-7.552131591956577 -7.582876393521896 0.9187893007604526 -7.529525285668205 0.8998353396081746 0.24755852865983394
