1 15 10 5 1
-0.7386325631583273 -1.5366657534609256
-0.7774223403588593 -0.713275623227212
-0.389039901256635 -2.8450984771509096
0.9231556827781926 1.1847162187376497
0.4600879553895558 -1.1311467357633207
0.42034849954905773 -0.558935910879255
0.41965647209082846 -1.1430348395475614
-0.5311321852503286 -0.5435454671805374
0.4831186542465251 0.4970051082090813
0.424296464590159 -1.0490967425458337
-0.6516034554646086 1.3563438792877374
-0.6720618563887432 -1.4654077814947843
0.6344864079911996 -1.0378537856606276
-0.19321185193968435 0.7926209117835811
-0.6481138008163434 -1.3840070184219346
6.281822035713621 4.351824804460329 4.635530583803374 1.407497019851508 4.899505411597903 3.374741348135409 1.667958905790801 2.325071542351464 -1.3065091319784434 4.080238413754475 0.6814628767833524 1.24015258468979 3.0818804869108907 -1.9095036684912796 2.5476826154289105 2.3716661637057395
-8.056173131144702 -7.980508726735644 -8.084485736630567 0.07329431773705725 0.28351943026240867 1.2305228571368956 0.6832655845801445 -8.056957198824403 -0.8394615957659718 1.9660842134840315 -7.50342954556752 -8.076885440241519 1.6122516836461316 -5.91264355862503 -7.998099799052834 3.332111900494175
-7.965092727348189 -7.9069420731883655 -8.082780454645563 -0.7054184190977987 0.5752901077989515 0.6105058851761591 1.147121892515896 -8.00217863680968 -0.9103869097752553 1.9898053727011995 -8.07254982274233 -7.951518648669502 1.6639421702580255 1.369147761195957 -7.786060407634059 2.059777120551478
-7.928973886751274 -7.929005644678302 -7.974835118574864 -8.061642870945345 -8.030361665904048 -7.964050125615476 -8.053008790211539 -8.06570199455628 -8.051599196812798 -7.986479636607053 -8.095247467658497 -8.088104063676704 -7.903042547332058 -8.075781971807647 -8.074357846760211 -7.978392709401125
-8.01828478271308 -7.931195999586741 -8.094324020050948 -8.054553456197924 -7.97071899596618 -7.991686897999741 -7.910812948320751 -8.002663274643654 -7.932381927450712 -8.09771850048215 -8.050933071486057 -8.016464531514991 -7.940431295141625 -8.015588074725079 -8.065853784630958 -7.995243544973937
-7.997093344333652 -7.911336345221118 -7.908350537923814 -0.6924581167433314 1.783098940619851 0.49846044755867824 1.0521239279811883 -7.936057344980289 -1.0877675931644588 1.9278224927176113 -8.01546707262459 -8.051989770919521 1.40544288069006 -2.086613408914536 -7.846389933867133 1.3300741769814581
-7.9340488321104035 -8.008554946551913 -8.024500757036334 -0.7846725334371486 0.9434793859634302 0.13795790900881216 2.273213903933333 -7.908495567050166 -0.9016206189130833 1.816218772705686 -7.960443703668757 -8.070282386989929 1.3422723552367986 -7.896402374518486 -7.778503349864129 -5.955405848259825
1.8077237484046755 0.8960031529699266 4.518169960529221 -0.7644446090506052 3.851407869024387 0.6307636711819167 1.9735359199385198 0.9489765407095464 -0.9537163991003552 1.7476856793658946 -1.125975385854322 2.295334648828001 1.2943145683702504 -3.7937628589824 1.7712288967163121 -3.0385274530149147
-7.994388460337945 -8.02562270094739 -7.936981866185363 -8.011742076025277 -8.034568916126146 -8.080781452000885 -8.008626594086154 -7.992266482219673 -7.9461698526568725 -8.085162374075765 -7.954738983123949 -8.079962146273823 -8.014303569389234 -8.006537622566803 -8.087547309269457 -7.992983239706108
1.3489882861755147 0.5720872014330297 3.5622251544005064 -8.036677616033984 -7.95454071666413 -7.91299806978143 -8.099394164761776 1.5237437276315802 -7.907380267136767 -8.072775623796034 -1.1971447075775306 2.388416714193087 -8.03477853956164 -1.6634694437980704 1.7477035714333202 1.7360315460310056
-8.071126383940234 -8.097168358916466 -7.910608331659178 -8.05763847064016 -7.920672990545512 -7.99660325782545 -7.951728956970506 -8.007453619625968 -7.9284414839944 -8.071255624759887 -7.93617618376626
-8.003743653877804 -8.09535967423926 -8.088686168184234 -7.9798170043659855 -8.000731917409412 -7.995770445694272 -7.9008094562192035 -8.03318433838865 -8.05911902743322 -7.906548497747265 -8.047834332919898
0.5062677616888435 1.0991594618142844 0.7707493232175762 -7.99615258735372 -8.024935322414901 0.7960571551781712 2.63172800339942 0.7629965580812179 -8.059473485618115 1.0571560425534832 -1.682909784095857
0.064266123659176 0.5273416221511038 0.3714546039307103 -7.971040079731524 -8.084198520416956 0.1533993856241249 1.6390758728964756 0.8373377310596758 -8.090768714421305 0.9112423413996372 -0.2090852833856189
-0.048013818014144144 0.3411231875445545 0.545977414321676 -7.944345373346718 -7.909411212582464 0.6945934691904777 2.1910787251282566 1.0716521064377011 -7.990450730350775 0.5333740556453845 -7.191267487042073
-8.021537736371595 -8.03397241582398 0.5300978846599361 0.46473160748153575 0.44852843239791007 -7.12591513899497
