1 15 10 1
-0.40431629547424563 2.8353599684002346
-0.49931129036164235 -12.650972859434205
0.7370277434799464 -2.663891709718842
0.5571955710866525 -4.639838958953039
-0.2978536065655909 -2.653433690261292
-0.47302320861974745 -1.3021964513920032
-0.44888363172367995 -1.6317186838173612
-0.4451791728738357 -1.675440936230847
-0.07393359714487086 2.062309684700957
-0.6842741415686979 0.08357009170382734
-0.5116389228302481 -1.277320748331972
-0.5246375029755717 1.5847560453475722
0.7259353699467272 -1.7282830704817318
1.179318163194916 1.0126379490671038
-0.6541525718574169 -0.758251781034566
1.3665736581931918 -12.570838190686914 5.218893517439183 3.6969476885892094 7.25862647811601 3.827313528135993 2.319607222491076 2.2501461357703536 -0.5143420407759334 1.9020769240757747 1.36958798114175 -0.5751816660213085 5.881226252613481 1.064005816272718 1.7912839912115675 1.0299074936698862
-13.200972110370525 -13.170692695693928 -13.22866826153912 -13.163341610758762 -13.116328069036296 -13.262481257542992 -13.218337338496008 -13.165314677572146 -13.115844112589281 -13.249598549176365 -13.188910778765981 -13.293467097859006 -13.107484932107456 -13.16357942313824 -13.12311033013952 -13.285011632916717
-2.7853234055871448 -12.669650921973377 1.5449673010834675 0.3014473590763841 1.7521769422531923 1.1452333668320063 1.9173727726613912 2.6318218940021976 -2.13201019545523 -0.04838962849435344 1.6577493488306743 -1.8538550078406821 1.8797876388574917 -0.18643872559995514 1.7460850502857836 -4.332856169725982
0.9572174599540813 -12.612300051133658 0.052358865690544654 2.3263792893159265 0.9426719476812432 2.426217242142681 2.1898229442801567 2.2450585110089785 -1.8823614206818728 1.361400774646643 0.8745829462867762 -0.5517097492575446 2.030873027186779 -1.3753353352967699 0.9054081046039198 -1.418449464658098
-2.285977641367147 -12.664279605718635 3.1298648980723014 1.9937855314442754 3.149971240692796 2.4051300646261233 1.8059955199858708 2.461051896880355 -4.7184225548877246 0.656775490337731 1.1844620365696168 -1.2045256206480401 2.358273101149542 -0.731745971218202 1.2796039364263865 -8.072205231888052
-0.20384545365410786 -12.543777072154425 1.0499409721077306 4.13167231585147 1.9752883849020564 2.871196854831945 1.6800685918486513 2.382657049139885 -4.013762709814809 1.0250542418904565 1.9087054722898866 -0.5965698991655516 1.7021624376137572 -1.2751231296348173 0.9746810968795819 -1.448625074174413
-2.868242536675856 -12.541185105568873 3.0989123290546083 -0.10984312700649468 -0.6476517558381932 2.1555647037990395 1.6050247451304167 2.4126399202490525 0.22960598979049876 0.3281179110452226 0.6018174709040938 -1.3444340338632466 1.6406368380928598 -0.5177348801141117 1.110755248908769 4.74200803060809
0.04256208258741509 -12.552370374034545 0.3736636219446826 3.5533908010837556 1.9295987653582642 3.0112211597236365 2.6047136755714857 2.3816820107472996 -7.898091085512937 1.370095142066247 1.2959379818375825 -0.732561957573861 2.142796266688467 -1.173425929759478 0.7744955675990252 -10.1221541963759
-3.0375449318777785 -12.542950830903825 2.131191351942259 2.077332306179763 1.9902160358907937 1.5067741053698143 1.8431128563601373 2.308117054126592 -4.3179771895399925 -0.18756427339343276 2.265733404951449 -2.092644323044517 2.130976217200456 -1.6691349310402306 1.6495104362357647 -6.203999101294703
-13.147208450139136 -13.161569242499935 -13.167414217707188 -13.259771261335084 -13.144671717300731 -13.15845527636668 -13.292984083866438 -13.189219417967626 -13.19363938290545 -13.229148856229681 -13.222018873767837 -13.17258060116557 -13.158825060139208 -13.24318126185365 -13.165216839969247 -13.191005758419823
0.726061349168513 -13.250651404294866 2.1912816434779896 0.7653393934398431 0.7909338357865886 0.7492335390784337 1.1266405038531535 0.6620050612680339 3.2545839194277337 -13.265917831435035 -0.2386869347734644
