1 10 10 5 5 1
-0.34811426997391426 -2.251416405439741
-0.4082123113687617 -1.797049028164005
0.5388870992576801 -2.3962083069874294
0.5204621161985692 -2.720708649484352
-1.6476409387807356 -2.029347804518939
0.45648572581627767 2.1421267805112887
0.8739366548102733 -0.5492339922956536
-0.3300123557534811 2.068441797191858
-0.47262819796384214 -2.4111010889396796
-0.6968459601995817 -1.0011202834321427
3.415767790739307 2.3030708543380722 4.110614469455284 2.4576504312662646 1.6640852111510225 1.4870552707366707 0.5957420499467558 0.33910436976667396 0.5668974932612806 0.7964857541742962 2.6466338739980095
-11.85918703278823 -11.825524028461537 -11.903197033613086 -11.804716782035843 -11.833350204532973 -11.948068192277963 -11.847641385410924 -11.839420717592425 -11.927218959792254 -11.87424146677985 -11.809679013449845
-11.873777632063465 -11.87504149111961 -11.89376392233345 -11.82613904676503 -11.838768682503115 -11.939534488437593 -11.909363230345756 -11.900573003776373 -11.967698889510567 -11.980821907031427 -11.91702640872843
0.8566662554173365 0.897710799006838 1.3620275074443513 0.7872660902521762 -0.010867121341027491 -0.8291627341891465 0.5213940320285668 -1.895136614338764 2.008236487229339 0.16314962264906993 -6.0845404816202375
1.7097329326505828 1.3770727233468518 3.144097095379382 1.1160435615944209 -0.30804149671803654 -0.49884492871797637 0.510969497445341 -2.3676410336854725 2.8159787266600005 0.533615784075042 2.135575009280776
5.815131733563456 3.528493000698907 1.929328994963285 1.5981154929444972 0.08136909558333777 -2.6421485841896333 0.5468384742440756 -1.106574133411258 0.6263758424520429 0.5629166876387788 1.8790717184516061
1.620274867008693 1.0994097351102525 3.1996912739530172 0.7489384494176422 -0.02922645984703917 -2.3533485108215335 0.5631605785165167 -1.6935805481505106 1.4503903050381457 0.6521335863338589 -7.815539964963345
1.83210861063846 0.5753030273026957 3.957363718379033 2.1498396721437683 -0.24137291910854466 -1.072550949308374 0.5733146040167615 -2.214371302425359 2.5685368495135616 0.3240768531435829 -2.502645318614104
4.500262319986469 1.4480631726456386 2.3466930589984427 1.3584999978459518 -0.16355622224579427 -2.5611108933956253 0.5516123198871935 -1.3665016574599553 1.625168608963273 0.43045525123879036 -4.350589262449826
-11.862692293872668 -11.84745663561029 -11.918271729192146 -11.978439703950874 -11.84409921272188 -11.920127037157664 -11.848663294451748 -11.935991917803236 -11.984399054090598 -11.882799048841024 -11.86969120552359
-11.892009533502774 -11.922711100409359 -11.97566558581044 -11.996479226765901 -11.932101619185847 -11.94014245304002 -11.963465028092209 -11.88266273421476 -11.803379284937972 -11.941813872656693 -11.951868725551725
1.0800570323234426 -11.899487889172274 -11.946743625555735 6.045262315343068 0.9360062573384961 0.3790231624260043 3.2266799758598745 0.2946297409013644 1.2802873994671076 -11.983814432132009 2.09104926897771
0.43239172710540164 -11.963811357290744 -11.974680936559603 0.20603651652334729 0.29796645905151886 0.42472662886951407 1.0270988428489063 0.5291673801383313 0.1538234674412504 -11.866369823226371 -2.6318488175564427
0.5901538070550879 -11.973879886024132 -11.830005591418658 0.7770421920098824 0.4606615783928063 0.5209210289339996 0.7051282226913964 0.4840330970518354 0.5199505945605607 -11.816134479058505 -3.5738313990652895
0.5442003937337525 -11.99820282841639 -11.958771368486353 0.6219060370486889 0.49670612783361245 0.3271218248825678 1.1250892618883825 0.6243587346248868 0.6546065997266951 -11.972902864648557 -3.2960153354637445
-11.88737065272761 0.41241275905402996 0.4487238979212602 0.5623298402878201 0.5975909104334193 -2.941324918219548
-11.880402486214535 0.5311235802725227 0.5900639631388218 0.541872832769263 0.5905607625167674 -1.8511652003656018
-11.925283422738286 0.5624649776754618 0.5445605384481271 0.5109180664186521 0.4813045731009884 -1.4073631308160177
-11.823029753368209 -11.933589822737902 -11.946046720215898 -11.95988263411601 -11.9508969214712 -11.969592789358652
-11.916448237208286 -11.86078345731409 -11.934611551989287 -11.990498816699754 -11.930451324218776 -11.965634722296018
0.5246092372573814 0.44059275018569277 0.431276731698537 -11.96853354188644 -11.957266832823715 -0.7674163169322182
