3 16 8 1
-0.30662301182746887 0.04489443451166153 0.32871901988983154 1.1139941215515137
-0.8721262216567993 -0.841326117515564 -0.8502470254898071 -4.248641490936279
-0.00457334378734231 -0.09000509977340698 -0.01626286841928959 0.9634004831314087
-0.1414652168750763 0.47375181317329407 0.4545074999332428 -1.276580572128296
0.20741775631904602 0.18085725605487823 -0.04728672280907631 0.03981468826532364
0.10127925127744675 -0.043987832963466644 -0.19170190393924713 0.03005439043045044
-0.09879856556653976 -0.07318447530269623 0.16158336400985718 0.10774394869804382
-0.16471892595291138 -0.03310814127326012 -0.14118562638759613 1.2567732334136963
0.1823505163192749 -0.24541142582893372 0.1163315549492836 2.7186787128448486
0.33773526549339294 0.12305575609207153 -0.3207491636276245 0.6096340417861938
0.04393384978175163 -0.10452160239219666 0.24121133983135223 0.5820866227149963
0.194214329123497 0.09553641825914383 0.12009002268314362 0.4609077274799347
0.17915065586566925 1.0223336219787598 -0.06642308086156845 0.8288133144378662
-0.17883643507957458 0.7459477186203003 0.08286789059638977 1.0309849977493286
-0.9293021559715271 -0.8216223120689392 -0.8035131692886353 -4.236292839050293
-0.019686073064804077 0.7245960831642151 0.12353244423866272 0.9508500099182129
-0.9238273501396179 -0.968073308467865 -0.8247469663619995 -0.7402501702308655 -0.9245491623878479 -0.8063344359397888 -0.9229879379272461 -0.9548627138137817 -0.864679753780365 -0.7821006774902344 -0.9551650285720825 -0.6033093333244324 -0.9046229124069214 -1.0328741073608398 -0.9036735892295837 -0.7812482714653015 -4.146682262420654
0.3195679187774658 -0.9495210647583008 0.18137431144714355 0.04461851343512535 0.2208731323480606 -0.07887817919254303 -0.5582978129386902 -0.5723053216934204 0.10261006653308868 0.02569807879626751 0.26456376910209656 0.22512409090995789 -0.1102733314037323 0.6255935430526733 -0.9648594856262207 -0.0716099962592125 0.2124251127243042
0.06057067587971687 -1.006501317024231 0.13517898321151733 0.020621392875909805 0.08639474958181381 -0.18373650312423706 -0.7110485434532166 -0.6380557417869568 0.15159521996974945 0.15902049839496613 -0.018174605444073677 0.1203148141503334 0.1363908052444458 0.5152469873428345 -0.8971220254898071 0.08107651025056839 0.5265084505081177
-0.3320547044277191 -1.0765386819839478 0.16421197354793549 -0.15040792524814606 -0.296783983707428 0.05063249543309212 -0.2246573120355606 -0.7681443691253662 -0.11358601599931717 0.00010809424566105008 -0.30011191964149475 0.12062212079763412 0.13309668004512787 0.4972618818283081 -0.7553314566612244 0.05024344101548195 0.48000720143318176
-0.055560819804668427 -0.7059546113014221 -0.24889293313026428 0.13299573957920074 0.21577994525432587 0.18143178522586823 0.30647289752960205 -0.5367286801338196 -0.038181789219379425 0.007422290742397308 0.1514962613582611 -0.07749783247709274 0.046832770109176636 -0.1031394973397255 -0.7571592926979065 0.023640703409910202 -0.052946582436561584
-0.5547007322311401 -0.6435632705688477 0.10489711910486221 -0.5615094900131226 -0.1321931779384613 -0.44645270705223083 -0.4754365086555481 -0.7657991647720337 0.035129763185977936 0.10759769380092621 -0.2139030247926712 0.16315145790576935 0.008156998082995415 0.04293474927544594 -0.8158795833587646 -0.018742777407169342 0.5862760543823242
-0.8150926828384399 -0.9477782249450684 -0.13150452077388763 0.17401111125946045 0.1935657113790512 -0.11999648809432983 0.07442920655012131 0.31714147329330444 -0.012320470996201038 0.17712520062923431 -0.01677573472261429 0.027293873950839043 -0.0434359572827816 0.010827786289155483 -0.7363629937171936 -0.08111730962991714 -0.28193679451942444
0.36724361777305603 -0.840325117111206 -0.04919898882508278 0.3979451060295105 -0.23559921979904175 -0.25722792744636536 -0.18175603449344635 -0.4232509136199951 0.19421955943107605 0.21142485737800598 0.26342570781707764 0.10249066352844238 -0.1767057329416275 0.03198741376399994 -0.7649161219596863 -0.02635873667895794 1.1585267782211304
-0.8549364805221558 0.03817679360508919 0.10599800199270248 0.6352341175079346 -0.7355320453643799 0.2279316782951355 -0.16323433816432953 0.0019978100899606943 -0.035018086433410645
