3 20 10 1
0.1361370086669922 0.3040449619293213 0.05116065591573715 -1.0083513259887695
0.05000917613506317 0.1199205294251442 -0.1407608985900879 0.3388292193412781
-0.03875218331813812 -0.13797344267368317 0.2644490599632263 1.990671992301941
0.14733844995498657 -0.04396025463938713 0.042517609894275665 -0.46898984909057617
0.4748593866825104 -0.12303528934717178 0.3999200165271759 -1.8203562498092651
0.6396778225898743 -0.14778797328472137 -0.08899009227752686 -1.512891411781311
0.009136559441685677 0.47788533568382263 -0.0998305007815361 0.9684218168258667
-0.2406550794839859 -0.05849287658929825 0.337989866733551 0.5639129281044006
0.11563129723072052 -0.008871911093592644 0.14437468349933624 -1.0181291103363037
0.16969090700149536 0.5761967301368713 0.632571816444397 -0.22856968641281128
0.13837571442127228 -0.6854925155639648 0.15807852149009705 -0.49494171142578125
-0.010820845142006874 0.2779846489429474 0.04216005280613899 0.5810438394546509
-0.10856857150793076 -0.41915446519851685 -0.03140093386173248 1.0446739196777344
0.04318242520093918 0.3403596878051758 0.05666539818048477 0.025850534439086914
0.011634854599833488 -0.3523837625980377 0.21716196835041046 -0.595674991607666
0.11455458402633667 -0.4443311095237732 0.1540360152721405 -0.47372621297836304
0.021069323644042015 0.2913922369480133 0.006415537092834711 0.5212695002555847
0.1365036517381668 0.010420533828437328 -0.14983145892620087 -0.48129233717918396
-0.23494574427604675 0.25711822509765625 0.08676880598068237 0.1064741238951683
0.06291317194700241 -0.07090119272470474 -0.04296621307730675 0.458965539932251
-0.7484899163246155 -0.1107853576540947 -0.09203465282917023 0.433916836977005 0.04155586287379265 0.0461929589509964 -0.13516801595687866 -0.6268530488014221 -0.6566519141197205 -0.008230031467974186 -0.2575686275959015 0.4125376045703888 -1.0720303058624268 0.23744599521160126 -0.7821531891822815 -0.38824501633644104 0.2753620445728302 -1.0543649196624756 1.194249153137207 0.1890636384487152 0.4796488285064697
-0.27298441529273987 -0.6627392768859863 -0.07776787877082825 0.40281835198402405 0.0344977006316185 0.023573320358991623 -0.025577595457434654 -0.18633031845092773 -0.7446498274803162 0.0659545361995697 -0.6721828579902649 0.5152378082275391 -0.9797625541687012 0.3059203028678894 -0.49953845143318176 -0.39697304368019104 0.2874801754951477 -0.9231867790222168 0.6339366436004639 0.10947331041097641 0.025334201753139496
-0.9461942315101624 -1.131264567375183 -1.1040312051773071 -1.114450454711914 -1.07169771194458 -1.2391914129257202 -0.9594805240631104 -1.1998916864395142 -0.994077205657959 -1.167263388633728 -1.0617440938949585 -1.1604992151260376 -1.172640085220337 -1.0832579135894775 -1.0382297039031982 -1.1592191457748413 -1.057436466217041 -1.0995930433273315 -1.1468976736068726 -1.1711907386779785 -5.671354293823242
-0.8332816362380981 0.3057495653629303 0.27690616250038147 0.11804450303316116 -0.027272045612335205 0.6355839967727661 -0.2834997773170471 -0.868289589881897 -0.8923444747924805 -0.31381821632385254 0.4684125483036041 -0.09646914899349213 -0.03536853566765785 -0.5447694659233093 0.5921900868415833 0.7491239905357361 -0.18670137226581573 -0.9533195495605469 1.0220516920089722 0.44985198974609375 1.611154556274414
-1.3502328395843506 -0.9852207899093628 -1.1863499879837036 -1.349629521369934 -1.0849179029464722 -1.1239279508590698 -1.1564561128616333 -1.162463903427124 -1.071243405342102 -1.0193992853164673 -1.0650265216827393 -1.2190743684768677 -1.2115281820297241 -1.344900369644165 -1.4290672540664673 -1.0691859722137451 -1.2449145317077637 -1.286277413368225 -1.1328723430633545 -1.1103254556655884 -5.644778251647949
-0.8877725601196289 0.21376454830169678 0.23154081404209137 0.23490168154239655 0.15727011859416962 0.02696235477924347 -0.2781601548194885 -1.0894076824188232 0.2211790829896927 -0.0819675549864769 0.6491982936859131 -0.2975747883319855 -0.9937617778778076 0.33821627497673035 0.6022112965583801 -0.06323560327291489 0.18543563783168793 -0.8836125731468201 -0.1583838313817978 0.27272742986679077 -0.002605302957817912
0.6631104350090027 -0.2675072252750397 -0.4070534110069275 0.3952605426311493 0.33909091353416443 0.217839315533638 -0.1412467360496521 -0.20914281904697418 0.02794218249619007 -0.28653684258461 -0.11240553110837936 -0.2749430537223816 -0.01894359290599823 0.21746139228343964 -0.8670395016670227 0.30480116605758667 -0.4211491644382477 1.1060454845428467 -1.1175214052200317 -0.1511426568031311 0.2207580804824829
-1.0853692293167114 -1.2184793949127197 -1.1423872709274292 -1.0166711807250977 -1.187361478805542 -1.0625431537628174 -1.2504075765609741 -1.3207825422286987 -1.1027932167053223 -1.0562466382980347 -1.1923121213912964 -1.2746611833572388 -1.1189043521881104 -1.0818616151809692 -1.1023085117340088 -0.9892152547836304 -1.1089812517166138 -1.0349149703979492 -1.1062798500061035 -1.2259416580200195 -5.649313449859619
-1.1895169019699097 -1.163875937461853 -1.2717199325561523 -1.2993783950805664 -1.1911154985427856 -1.1945496797561646 -1.294076681137085 -1.3185375928878784 -1.170276165008545 -1.1543354988098145 -1.163465142250061 -1.0086028575897217 -1.0210574865341187 -1.123546838760376 -1.028547763824463 -1.1824790239334106 -1.1361732482910156 -1.1776834726333618 -0.9346321225166321 -1.206100344657898 -5.588253021240234
-0.9972874522209167 0.5118834376335144 0.07876907289028168 0.23102940618991852 -0.04356013610959053 0.2938915193080902 0.1838691383600235 -0.1596909910440445 -0.8885575532913208 0.10770652443170547 -0.07595226168632507 -0.13295111060142517 0.16731376945972443 -0.7982209324836731 0.9645676612854004 -0.02836301364004612 0.49668070673942566 -0.8629530668258667 1.0005242824554443 0.21817457675933838 0.017733845859766006
0.5314114093780518 0.28727346658706665 -1.113948106765747 0.003575989045202732 -1.3116705417633057 0.06694301962852478 -0.0077228122390806675 -1.1175423860549927 -0.9515533447265625 0.04079066216945648 0.09445839375257492
