3 20 10 1
0.12667816877365112 0.008626017719507217 0.01553676463663578 1.019359827041626
-0.21382197737693787 -0.31780099868774414 0.0360235869884491 1.0300732851028442
-1.4107093811035156 -1.5865657329559326 -1.3825430870056152 -7.126114368438721
0.0030055628158152103 -0.4067426919937134 0.11428975313901901 -0.08169710636138916
0.07453358918428421 0.305431067943573 0.12644049525260925 -0.4700148105621338
-1.4578030109405518 -1.3728903532028198 -1.4013316631317139 -7.182060241699219
0.08624892681837082 0.1193971112370491 0.07005868852138519 0.5080166459083557
0.023780955001711845 0.4267149269580841 -0.12619008123874664 0.4955071806907654
0.0874980241060257 0.11353250592947006 -0.08350846916437149 -0.4749603271484375
-0.30817660689353943 0.27259957790374756 0.11690924316644669 0.49022847414016724
-1.561775803565979 -1.359937071800232 -1.738391399383545 -7.155587673187256
0.056962572038173676 0.013667789287865162 -0.10274547338485718 -0.06118875741958618
-0.07622190564870834 0.14870283007621765 -0.09118513017892838 0.9949290752410889
0.0233840961009264 -1.0574063062667847 -0.03640924394130707 0.005161255598068237
0.031196458265185356 0.4898388087749481 0.07486827671527863 -0.013763397932052612
-0.1364423632621765 -0.018615208566188812 -0.11557585000991821 1.0296657085418701
0.0003061726747546345 -1.1651643514633179 -0.025581711903214455 0.5079419016838074
0.03372786194086075 -0.21575871109962463 0.2200661599636078 0.01894468069076538
0.04734739288687706 0.270685613155365 -0.004851607605814934 -0.5070639252662659
-0.0464879535138607 -0.18660321831703186 0.14404670894145966 -0.06219077110290527
0.3740502893924713 0.27302998304367065 -1.4675785303115845 0.5302848815917969 0.029387349262833595 -1.4193425178527832 0.22020657360553741 0.2278425544500351 0.29060959815979004 0.2656119763851166 -1.5635806322097778 0.46079859137535095 -0.02724481001496315 0.5200847387313843 -0.12920841574668884 -0.020996470004320145 -0.0854763612151146 -0.20285411179065704 0.07174515724182129 -0.212831512093544 0.5365475416183472
0.11805572360754013 -0.9910608530044556 -1.4888074398040771 0.3196151852607727 0.12386102974414825 -1.4101406335830688 0.2278282791376114 0.0531749427318573 -0.03286871686577797 0.6452229619026184 -1.5047385692596436 0.564340353012085 -0.4223766028881073 0.6151221394538879 -0.05802455544471741 -0.4001613259315491 0.021531617268919945 0.04781046882271767 -0.16967201232910156 -0.16703298687934875 -0.03170870617032051
-1.5098707675933838 -1.3340284824371338 -1.49290931224823 -1.4780185222625732 -1.3609479665756226 -1.4358081817626953 -1.452309250831604 -1.3632934093475342 -1.4891377687454224 -1.344098687171936 -1.2802428007125854 -1.574292540550232 -1.443849802017212 -1.3690669536590576 -1.5074844360351562 -1.5172005891799927 -1.4893394708633423 -1.4673811197280884 -1.470211148262024 -1.5629385709762573 -7.161219596862793
-1.458767294883728 -1.3653219938278198 -1.4847536087036133 -1.5253643989562988 -1.3047555685043335 -1.4103862047195435 -1.5465121269226074 -1.425787091255188 -1.4874662160873413 -1.5384421348571777 -1.5108782052993774 -1.4061685800552368 -1.4683446884155273 -1.4865435361862183 -1.621854543685913 -1.3929800987243652 -1.2958228588104248 -1.4900085926055908 -1.300702691078186 -1.364119291305542 -7.090625762939453
-0.09005648642778397 -0.47667166590690613 -1.2625256776809692 -0.2476789504289627 0.12135984748601913 -1.3293931484222412 0.09571181237697601 0.5050698518753052 0.38700729608535767 -0.4820602238178253 -1.3012635707855225 0.2035343050956726 -0.8682898283004761 0.4290527105331421 0.29902249574661255 -0.9843736886978149 -0.12581880390644073 0.20742347836494446 -0.2669435739517212 0.20398737490177155 2.018223285675049
0.04449106752872467 -0.3161298930644989 -1.4734286069869995 -0.08476008474826813 0.10154318064451218 -1.5797195434570312 0.078754723072052 0.5285230278968811 -0.43631303310394287 0.8091523051261902 -1.4054980278015137 0.12991967797279358 -0.1541202813386917 0.5551430583000183 0.17073063552379608 -0.22514647245407104 -0.4489224851131439 0.04655463621020317 -0.04941050335764885 -0.728942334651947 0.09144049882888794
0.23798196017742157 0.4407377243041992 -1.320894718170166 -0.18240565061569214 -0.3145698010921478 -1.562575101852417 0.003475859761238098 -0.5352805852890015 1.2210136651992798 -0.1147070974111557 -1.4765584468841553 0.8689659237861633 -1.1080918312072754 -0.34122219681739807 0.07782607525587082 0.22074992954730988 -0.1406620293855667 0.2938205897808075 0.022326337173581123 0.3006223738193512 -0.016441810876131058
0.12375044077634811 -1.4211736917495728 -1.369981050491333 -1.4058834314346313 0.06936988979578018 -1.4119843244552612 -0.15613114833831787 0.08317284286022186 -0.8436636328697205 -0.7918632626533508 -1.325226902961731 -0.30422815680503845 0.46990132331848145 -1.196575403213501 0.2988079786300659 -0.8765642046928406 -1.1732311248779297 -0.21394231915473938 -0.8526501655578613 -0.6638680100440979 0.010564376600086689
-0.014653464779257774 -0.7739841341972351 -1.283630609512329 -0.2190096378326416 0.30028781294822693 -1.3740613460540771 -0.10199373960494995 0.03788915276527405 0.40550872683525085 -0.046689439564943314 -1.4955518245697021 0.379433810710907 -0.4412073493003845 -0.5903423428535461 -0.0603078231215477 -0.7025213837623596 -0.7736157178878784 0.08748286217451096 -0.22940398752689362 0.7224079370498657 0.006069662980735302
-0.024762552231550217 -0.7640809416770935 -1.4026418924331665 -0.07694970816373825 0.03694049268960953 -1.3464741706848145 -0.0460524819791317 0.12055434286594391 0.5489471554756165 -0.3943764567375183 -1.4407846927642822 0.5539884567260742 -0.8295363783836365 1.2217179536819458 0.1719876080751419 -1.3342868089675903 -0.030065428465604782 0.07851383090019226 -0.379528284072876 -0.3654933571815491 -0.04922931268811226
0.1102161779999733 0.14196336269378662 -1.2472060918807983 -1.3255679607391357 -0.004620846826583147 0.11837764829397202 -0.04166606813669205 1.2768844366073608 -0.5547999739646912 -0.49084705114364624 0.05142885819077492
