3 20 10 1
-0.07721138745546341 0.002708545420318842 0.4348970353603363 1.9697210788726807
-0.1542496681213379 0.3701164126396179 0.27540090680122375 -0.15084832906723022
-0.6687959432601929 -0.6208282709121704 -0.5965995192527771 -2.9185168743133545
-0.574394941329956 -0.6217657923698425 -0.5805748105049133 -2.988736152648926
-0.004924239125102758 -0.16698411107063293 0.2394338697195053 -0.4775390625
-0.6431611776351929 -0.6451882123947144 -0.5586149096488953 -3.080984592437744
-0.08969046920537949 0.6894434690475464 0.05904362350702286 0.442852646112442
0.1268785148859024 0.016803724691271782 -0.09534191340208054 1.4207593202590942
0.09497371315956116 0.45786598324775696 0.0018090888625010848 0.5061131715774536
-0.24331045150756836 0.04723333567380905 0.42990151047706604 1.6341527700424194
0.4081079959869385 0.5503931641578674 -0.09879607707262039 0.051186978816986084
-0.749020516872406 -0.6628242135047913 -0.5443421602249146 -2.970789909362793
-0.5340227484703064 -0.6262176632881165 -0.6781473159790039 -3.0289416313171387
0.19224055111408234 0.4457401931285858 0.09823575615882874 0.5084019899368286
0.10881703346967697 0.6972311735153198 -0.05499466136097908 0.46697795391082764
0.040487952530384064 0.4842115342617035 -0.1250031739473343 0.02002185583114624
0.13564249873161316 -0.30110377073287964 0.1878441572189331 -0.5304558873176575
0.07202461361885071 0.18605823814868927 -0.0168777946382761 -0.5814735889434814
0.4117789566516876 0.55876225233078 -0.1548078954219818 -0.4625698924064636
0.05168027803301811 0.25578469038009644 0.0035368562676012516 -0.5067369341850281
-0.5479276180267334 -0.584668755531311 -0.5743187069892883 -0.7864503860473633 -0.5141018629074097 -0.5168450474739075 -0.4598482549190521 -0.4794779419898987 -0.5909984707832336 -0.6500797867774963 -0.739417552947998 -0.5432519316673279 -0.5459473133087158 -0.611163318157196 -0.6464833617210388 -0.6145769357681274 -0.6894565224647522 -0.513690710067749 -0.631560742855072 -0.5750123262405396 -3.0092291831970215
0.013172050938010216 0.4329645037651062 -0.5933576226234436 -0.5415406227111816 -0.2991674244403839 -0.5023557543754578 -0.3842860162258148 0.12781743705272675 -0.09717557579278946 0.013533813878893852 0.006039278116077185 -0.7007999420166016 -0.8128103017807007 -0.041297078132629395 0.14074143767356873 -0.2068709433078766 0.4369635581970215 0.5620607733726501 0.014872469007968903 0.554853081703186 -0.0436054989695549
-0.133380725979805 -0.6471322178840637 -0.5107942819595337 -0.607999324798584 0.2794223427772522 -0.4510498642921448 0.5001301169395447 0.1747799813747406 0.08896563202142715 -0.2618386447429657 0.027684662491083145 -0.6176016330718994 -0.7356051802635193 0.1084359735250473 0.13154540956020355 0.2613877058029175 -0.22284264862537384 -0.4936797022819519 0.2867194712162018 -0.5149341225624084 0.4600971043109894
0.14232540130615234 -0.33410289883613586 -0.5351991057395935 -0.5717789530754089 -0.12311876565217972 -0.6841299533843994 0.36362531781196594 -0.08996614813804626 0.3513208031654358 -0.03451748192310333 0.05975072830915451 -0.45790907740592957 -0.6426680088043213 0.14111757278442383 0.2855483591556549 0.15828298032283783 -0.2754190266132355 -0.607871949672699 0.020955195650458336 -0.46118709444999695 -0.022455161437392235
-0.12194931507110596 -0.5063520669937134 -0.5229889154434204 -0.43072259426116943 0.010819090530276299 -0.4516662359237671 0.30519816279411316 -0.043819498270750046 0.15826350450515747 -0.08971360325813293 0.11949131637811661 -0.43997275829315186 -0.568537175655365 0.06205812841653824 0.25684216618537903 0.09952971339225769 -0.007947316393256187 -0.5974929928779602 0.11356905847787857 -0.5153078436851501 -0.021005170419812202
-0.69306480884552 -0.4518267512321472 -0.5239008069038391 -0.38598451018333435 -0.4831579327583313 -0.5601549744606018 -0.5890167951583862 -0.5053332448005676 -0.5844824910163879 -0.6275749206542969 -0.4642522931098938 -0.547903835773468 -0.6101513504981995 -0.3830134868621826 -0.5030665993690491 -0.5815563201904297 -0.42512860894203186 -0.42844873666763306 -0.46452248096466064 -0.6191944479942322 -2.5440876483917236
0.10060916095972061 0.5259028673171997 -0.5222383141517639 -0.6508636474609375 -0.28230443596839905 -0.4657570719718933 -0.18710455298423767 -0.17461660504341125 -0.3972534239292145 0.709952175617218 -0.2728380858898163 -0.6052119135856628 -0.657250702381134 -0.07660883665084839 -0.117960624396801 0.09929003566503525 -0.1755475103855133 0.319170206785202 -0.13791407644748688 0.48014265298843384 1.466841220855713
-0.23651327192783356 0.5213852524757385 -0.4724961817264557 -0.5255423784255981 -0.19954334199428558 -0.6224101781845093 -0.28429079055786133 0.11310785263776779 0.031125161796808243 -0.04251272976398468 0.06448964774608612 -0.5704652070999146 -0.6156119704246521 0.044282216578722 0.0485038124024868 0.12563684582710266 0.256543904542923 0.783584713935852 0.13283129036426544 0.4879247844219208 -0.4716743528842926
0.1672474443912506 0.23743757605552673 -0.24237270653247833 -0.47108158469200134 -0.23205573856830597 -0.5812377333641052 -0.13233385980129242 0.01559651829302311 -0.3345973491668701 0.302839994430542 0.14452001452445984 -0.28626549243927 -0.4121209383010864 -0.2674851417541504 -0.146534264087677 0.2509949207305908 -0.1100185364484787 0.21351352334022522 -0.12801042199134827 0.30433717370033264 0.5144843459129333
0.12113255262374878 0.01647319085896015 -0.5057010650634766 -0.6140264272689819 0.1948479562997818 -0.6344925761222839 0.4494563043117523 0.009009316563606262 0.3163399398326874 0.1290537416934967 -0.001331454492174089 -0.5818383097648621 -0.5006746649742126 0.1562529355287552 0.1999964714050293 0.11892366409301758 -0.27342188358306885 -0.4513745605945587 0.14547832310199738 -0.5922021865844727 -0.048900119960308075
-0.5804553031921387 -0.11518997699022293 0.05919192358851433 0.03323984146118164 0.11394451558589935 -0.5915361642837524 -0.00308795552700758 -0.23649463057518005 -0.017488088458776474 0.10984163731336594 0.03412071242928505
