3 16 8 1
-0.231157124042511 -0.17408627271652222 -0.22506378591060638 -0.21903268992900848
0.31955623626708984 0.0024898885749280453 0.17684583365917206 0.13843552768230438
-0.16498224437236786 -0.2069331854581833 0.19003884494304657 0.01670428179204464
0.02716211788356304 0.208475723862648 0.030568907037377357 0.23770152032375336
0.005796654615551233 0.2321930229663849 0.04330558329820633 0.3182249665260315
0.23002378642559052 0.1480722874403 0.0053649707697331905 0.20927990972995758
0.11953968554735184 0.17981362342834473 0.32645562291145325 -0.0015358090167865157
0.1463979035615921 0.1988147646188736 0.08657263964414597 0.18342351913452148
0.05277901515364647 0.023405270650982857 0.027665717527270317 0.1348520964384079
-0.15130575001239777 -0.22436200082302094 -0.17590351402759552 -0.18753288686275482
-0.12163817137479782 -0.21970391273498535 -0.23075729608535767 -0.1361721307039261
-0.2718951106071472 -0.2292748987674713 -0.1692119985818863 -0.11429047584533691
-0.17285090684890747 -0.16741111874580383 -0.24429912865161896 -0.2018190324306488
-0.22427082061767578 -0.1532898098230362 -0.23235996067523956 -0.2312321662902832
0.16555234789848328 0.14358927309513092 -0.0673951506614685 0.18200291693210602
0.1298709511756897 0.19851504266262054 0.008698483929038048 0.23359383642673492
-0.33172184228897095 0.12435203790664673 0.17272400856018066 0.15023910999298096 0.15649695694446564 0.13524039089679718 0.11114103347063065 0.16719339787960052 -0.03949103131890297 -0.22319316864013672 -0.22076618671417236 -0.23831231892108917 -0.2367817461490631 -0.2372654676437378 0.15723325312137604 0.14961586892604828 0.2529645264148712
-0.17589432001113892 0.05755775421857834 0.238670215010643 0.19095487892627716 0.23550188541412354 0.023081550374627113 0.0012305394047871232 0.004641973879188299 0.2800127863883972 -0.2461898773908615 -0.2848786413669586 -0.2396938055753708 -0.1955769956111908 -0.20381604135036469 0.23107348382472992 0.2519682049751282 0.2257426679134369
-0.20819513499736786 0.018236951902508736 0.2549106776714325 0.2502458989620209 0.19125036895275116 0.12956058979034424 -0.016447266563773155 0.12702716886997223 0.21350792050361633 -0.24421469867229462 -0.24991026520729065 -0.17864610254764557 -0.3072916865348816 -0.21330204606056213 -0.041319653391838074 0.014192459173500538 0.16359806060791016
-0.2325577735900879 -0.015495991334319115 0.01621663011610508 0.05074692517518997 -0.05523750185966492 0.0298484917730093 0.06449589878320694 0.05564352124929428 0.0696515291929245 -0.08289095759391785 -0.13558275997638702 -0.1200370267033577 -0.05795881524682045 -0.12528590857982635 -0.05952649191021919 -0.003848243271932006 0.19245265424251556
-0.11665092408657074 0.12171878665685654 0.13452483713626862 -0.038847289979457855 -0.0982760414481163 0.0913032740354538 0.10643751919269562 0.045224469155073166 -0.1065160408616066 -0.12916545569896698 -0.09315317124128342 -0.15369302034378052 -0.07441031187772751 -0.11862871795892715 -0.027217311784625053 0.0680299699306488 -0.16642630100250244
-0.11324702203273773 0.14505396783351898 0.10045470297336578 0.1452421098947525 -0.005475133191794157 -0.01698007993400097 0.1300361007452011 -0.0668497160077095 -0.06520422548055649 -0.1448390930891037 -0.11957969516515732 -0.04639897868037224 -0.10248003900051117 -0.11320307105779648 -0.04832538217306137 -0.031108180060982704 -0.10893885046243668
-0.1062382310628891 -0.03796171769499779 0.048317085951566696 -0.07248003780841827 0.1348962038755417 0.005795227829366922 -0.00263354298658669 0.1369713395833969 0.06361684203147888 -0.11735523492097855 -0.1585756540298462 -0.15444546937942505 -0.12152472138404846 -0.12235060334205627 0.12757670879364014 0.13267220556735992 0.07528373599052429
-0.04624324291944504 0.14270375669002533 -0.071304090321064 0.04263629764318466 0.11944214999675751 -0.0841369554400444 0.09090447425842285 -0.04724154621362686 -0.13962893187999725 -0.16219763457775116 -0.09211112558841705 -0.04915602132678032 -0.13045623898506165 -0.03499379754066467 -0.033159688115119934 -0.047737445682287216 -0.08488825708627701
0.13836579024791718 0.0027361849788576365 0.03945980593562126 0.12788018584251404 -0.17982470989227295 -0.005409794859588146 0.10264967381954193 -0.10782406479120255 0.04829850047826767
