3 8 4 1
0.05903755873441696 0.4844561219215393 -0.16888271272182465 0.6453092098236084
0.062491338700056076 0.41875988245010376 0.15734152495861053 0.9019285440444946
-0.5465866327285767 -0.5223037600517273 -0.455038845539093 -2.4759159088134766
-0.45646029710769653 -0.5013989806175232 -0.5356401801109314 -2.4327127933502197
0.0977797582745552 0.06125567480921745 -0.07422564178705215 -0.5337787866592407
0.2960885763168335 0.285958468914032 0.09064967185258865 0.8685643672943115
0.24627885222434998 0.6783080101013184 0.06136374920606613 0.5706905126571655
0.16333068907260895 -0.3647889196872711 0.23476815223693848 -0.5228248834609985
0.16129203140735626 0.12681658565998077 -0.6661787033081055 -0.4032430648803711 -0.6767749786376953 0.09219333529472351 0.21332281827926636 -0.2377377450466156 0.3070906698703766
0.022132258862257004 0.06400296837091446 -0.39701634645462036 -0.571934700012207 -0.6320933699607849 0.01688571088016033 0.025898927822709084 0.05510786175727844 -0.0495171956717968
0.2164185494184494 0.03166484087705612 -0.5251863598823547 -0.5453888773918152 -0.3753895163536072 0.029284240677952766 0.007168591488152742 -0.23179955780506134 0.029429256916046143
-0.5810108780860901 -0.5201568603515625 -0.5356862545013428 -0.5028448700904846 -0.4090677499771118 -0.3631715476512909 -0.5396314859390259 -0.5580646395683289 -2.5104446411132812
0.13495217263698578 0.4160778820514679 0.6208972930908203 -0.6893584132194519 -0.017155449837446213
