4 10 5 3
0.11994124057510898 0.031660973871282944 0.6373115274281499 1.144662369799358 -0.03361255356876677
-1.8160099786133648 -1.941891295002291 -1.8052791805799115 -1.8787644680275764 -1.8487254911770012
-1.92822999497531 -1.9401145289419643 -1.8914014098524765 -1.8101170161234448 -1.8692147554222656
0.1224630856276471 0.04647512528789895 -0.2572750028149027 -0.1466487399386681 0.334030256947403
-1.995965114954433 -1.883647888296318 -1.9782817540884163 -1.8556989971466895 -1.8690782501768026
0.11926860868298461 0.25336459975677306 -0.398268412635162 -0.6153956317954778 0.5861634865931284
0.09851477267486927 0.14334330681249338 0.2623329480992067 -0.07193860315119144 0.18784641211580969
0.05124794209781877 -0.026953841091128194 0.06307018220716978 0.5468559983837579 -0.8742456631852926
-1.9382029045370968 -1.8820081448839159 -1.9275401081934311 -1.9749514769866188 -1.9936236874064006
0.06069913367601694 0.032760675810673545 -0.054345215421459536 -0.3950642909852392 0.2252457223700548
0.07470028917753176 -1.9821608406803162 -1.9521089537982874 1.0489855974847568 -1.8247089734262971 0.8540615097194959 0.06994423300161282 0.8329297171122334 -1.9041444527991092 0.17219889013840514 -0.21887803993391866
-0.04866682564564606 -1.9176101627683575 -1.8205083715179189 -0.13195254511378013 -1.873178957688956 -1.4428875704381177 0.26811747055230706 0.6941616987694657 -1.832795268537877 -1.303787232611671 -0.5262860847065066
-0.1516982012470454 -1.808416680595347 -1.9496299393488612 -0.10400068009274116 -1.9607740046885636 -0.06927989656719921 0.1956804321759139 -0.013841206009558932 -1.9456451725691417 -0.47531199169107696 0.5452923434592148
0.20219551616383324 -1.8495063747516876 -1.8028515512628382 0.305052040325589 -1.914773212888319 -1.667482785940605 0.17542263863112262 -0.3375737749175998 -1.8550904343883574 -1.4568745682005482 0.13019948441958595
-1.9559236784502103 -1.803888477069784 -1.8744757272529504 -1.845977440199643 -1.8780939231712672 -1.857802082180129 -1.898173883052574 -1.8392166731947455 -1.932027645407384 -1.9639057519174927 -1.989473226791222
0.3485532731935088 -0.342319831525284 -0.25091218428125983 -0.3702007635126131 -1.9028256677461828 0.3832675653056007
-0.3179387681996657 -0.6340005618408113 1.6552668890532694 0.19776428202806837 -1.957922859303837 0.40125047323166263
0.25767599407075936 0.6933619922102326 -1.4431115532539633 0.3421511044159167 -1.9975052604916335 -0.23935623254381125
